100;100;94;75
17;0;100;75
94;63;100;100
56;0;100;75
61;13;100;75
94;100;100;100
100;100;100;75
100;75;94;69
94;75;100;100
94;75;100;75
100;100;94;75
100;75;100;75
94;50;94;75
94;100;100;75
94;100;100;100
61;13;94;75
94;75;100;75
94;75;94;75
83;44;100;75
94;75;100;75
100;75;100;75
100;75;100;75
94;75;94;75
56;0;100;94
94;75;100;75
17;0;100;75
94;75;100;75
56;0;100;75
61;13;100;100
94;75;94;75
100;75;100;75
94;75;100;75
56;0;100;75
100;75;94;100
92;13;94;75
94;75;100;75
100;75;100;75
94;75;94;75
17;0;94;75
100;75;100;75
94;75;100;75
17;0;100;75
100;75;100;75
100;75;100;75
100;75;100;75
17;0;100;100
89;50;94;100
100;75;100;100
100;75;94;75
94;38;100;100
83;0;94;75
100;75;94;75
100;75;100;100
100;75;100;75
100;100;100;75
100;75;94;100
94;100;100;100
94;100;100;75
100;75;100;75
94;63;94;75
100;75;94;100
100;63;100;75
94;100;100;75
94;50;100;100
100;75;100;100
94;75;100;69
100;75;100;100
83;13;100;75
94;75;94;75
83;0;100;75
94;75;100;75
100;75;100;75
94;75;100;75
94;75;100;75
61;13;100;75
100;75;100;75
100;75;100;100
94;75;94;100
100;75;100;75
94;75;100;75
100;75;94;75
94;75;100;75
100;75;100;75
94;75;94;100
100;75;94;75
83;25;94;75
100;75;100;100
56;0;100;75
56;0;100;100
17;0;100;100
94;75;100;75
100;100;100;75
94;75;100;75
58;25;100;75
100;75;94;75
94;100;94;75
92;0;100;75
94;75;94;75
94;63;94;75
94;75;100;75
61;13;100;75
100;75;94;75
92;13;100;75
33;0;100;75
100;75;94;75
56;0;100;75
94;75;100;100
100;100;94;75
75;13;94;75
100;75;94;75
100;88;100;75
94;75;94;75
94;75;94;75
94;75;100;75
56;0;100;75
56;0;100;75
100;75;100;75
94;75;94;75
100;75;100;75
94;75;94;100
94;75;94;75
94;100;94;75
94;75;100;75
94;75;94;100
94;75;100;75
100;75;100;75
56;0;100;75
94;100;94;75
92;0;100;75
100;75;100;75
94;75;100;75
94;75;100;75
94;75;94;75
17;0;100;75
94;100;100;75
83;0;100;75
83;38;100;75
61;13;94;100
94;75;100;75
100;75;94;100
94;75;94;100
61;13;100;75
94;75;100;75
100;75;100;75
78;0;94;100
58;13;94;75
94;75;100;100
94;75;100;75
100;100;100;100
94;0;100;75
58;13;100;75
100;75;94;75
100;75;100;75
94;75;100;75
100;81;100;75
94;75;100;75
100;75;100;75
100;75;100;100
100;75;100;75
100;75;94;75
94;75;100;75
58;13;100;75
100;100;100;75
100;75;100;75
100;75;100;75
61;13;100;75
17;0;94;100
100;75;94;100
61;13;100;75
94;75;94;75
